601 304
0.484983 0.502444
0.524016 0.499765
0.428548 0.435195
0.371206 0.580448
0.142862 0.570981
0.465908 0.555406
0.736023 0.125471
0.818107 0.970604
0.465682 0.445261
0.481888 0.508489
0.482263 0.630543
0.580888 0.272566
0.870761 0.274673
0.029271 0.522296
0.231758 0.550371
0.832529 0.980978
0.755339 0.911434
0.513367 0.392962
0.290263 0.296270
0.598868 0.337627
0.924160 0.271992
0.472247 0.479862
0.631295 0.753233
0.191917 0.319008
0.501414 0.333976
0.128629 0.468591
0.975630 0.950813
0.501469 0.248145
0.407608 0.068603
0.012824 0.420477
0.016655 0.514042
0.759801 0.888107
0.860217 0.085117
0.617975 0.804904
0.421150 0.031894
0.850715 0.658577
0.567405 0.665881
0.958049 0.274375
0.118975 0.576543
0.467866 0.545515
0.954651 0.070835
0.582336 0.295804
0.588432 0.769569
0.568158 0.044046
0.512588 0.681096
0.450733 0.436682
0.585876 0.709032
0.517596 0.306726
0.419229 0.440323
0.876156 0.947085
0.305029 0.595216
0.717627 0.907914
0.553211 0.683660
0.947569 0.065505
0.417626 0.202540
0.844019 0.965660
0.021116 0.492925
0.340067 0.527128
0.614967 0.087346
0.722773 0.910176
0.944525 0.087620
0.832060 0.076631
0.598444 0.797500
0.600648 0.339258
0.464889 0.539962
0.429910 0.450397
0.600830 0.499628
0.577834 0.715900
0.595357 0.720426
0.724223 0.880806
0.156888 0.572949
0.295659 0.591822
0.819230 0.937940
0.729838 0.315196
0.267790 0.282163
0.253317 0.552754
0.392811 0.522249
0.577111 0.053110
0.711686 0.907183
0.620573 0.765773
0.474676 0.531135
0.579788 0.766388
0.593435 0.079729
0.300275 0.590079
0.669340 0.855615
0.321350 0.362565
0.333072 0.215865
0.941847 0.245853
0.697310 0.864814
0.909406 0.966906
0.632786 0.858897
0.355934 0.380138
0.815477 0.972622
0.882698 0.287776
0.833738 0.942713
0.561850 0.354022
0.418576 0.489580
0.769217 0.964919
0.500013 0.447774
0.766118 0.198474
0.977750 0.992984
0.491934 0.638797
0.479725 0.452623
0.506318 0.587272
0.442523 0.409124
0.291537 0.360562
0.673787 0.322680
0.882797 0.277277
0.337215 0.573068
0.030188 0.506538
0.286578 0.370492
0.974426 0.168349
0.953573 0.928167
0.653556 0.358260
0.952528 0.074930
0.823703 0.089753
0.919243 0.368419
0.966552 0.168310
0.626445 0.817764
0.427863 0.472729
0.488885 0.392099
0.438386 0.077778
0.833211 0.086884
0.031942 0.432200
0.466247 0.638239
0.794895 0.916032
0.510953 0.607952
0.868374 0.056733
0.920626 0.968237
0.279432 0.309686
0.615613 0.741608
0.583800 0.793051
0.784953 0.960900
0.465052 0.368641
0.577155 0.709691
0.382851 0.553604
0.000000 0.389639
0.587550 0.707336
0.342339 0.573395
0.453124 0.368135
0.895845 0.962124
0.517596 0.619403
0.420627 0.348266
0.224923 0.583484
0.186567 0.444709
0.719039 0.921978
0.697034 0.813126
0.867332 0.907674
0.028289 0.325510
0.979533 0.464588
0.753997 0.935446
0.397661 0.051411
0.111419 0.389639
0.645384 0.853110
0.237608 0.576185
0.578598 0.441546
0.612998 0.815292
0.812456 0.281772
0.814176 0.279631
0.555644 0.004374
0.399682 0.091120
0.725030 0.931841
0.802281 0.919854
0.298435 0.592857
0.825746 0.080144
0.838647 0.262620
0.222796 0.582097
0.663923 0.388340
0.950044 0.953460
0.271327 0.589180
0.861618 0.071567
0.836423 0.088728
0.627417 0.583332
0.224913 0.355521
0.240557 0.359318
0.508129 0.432027
0.104751 0.572303
0.441819 0.031546
0.953714 0.961592
0.197947 0.540651
0.410934 0.043205
0.676332 0.668263
0.378979 0.128363
0.582554 0.688510
0.687390 0.877512
0.693770 0.864886
0.535109 0.694889
0.220216 0.585286
0.814504 0.879321
0.302884 0.593000
0.530512 0.246863
0.938685 0.973390
0.967783 0.185025
0.488758 0.639720
0.651574 0.288046
0.518278 0.462991
0.981735 0.991570
0.776523 0.103361
0.454481 0.612303
0.167836 0.279488
0.974029 0.993437
0.553097 0.375052
0.695767 0.848492
0.640784 0.282741
0.953276 0.078552
0.580603 0.765264
0.493646 0.504911
0.963074 0.231747
0.411845 0.459721
0.518708 0.509302
0.308447 0.593843
0.983588 0.194765
0.724106 0.147294
0.240013 0.587100
0.765452 0.330180
0.384739 0.500104
0.548957 0.255378
0.932596 0.959136
0.546882 0.316181
0.277668 0.365661
0.833871 0.296785
0.603270 0.287389
0.664696 0.357270
0.760042 0.903198
0.943763 0.254473
0.587054 0.715174
0.561320 0.031566
0.849265 0.261849
0.408231 0.459029
0.591174 0.722271
0.597642 0.419009
0.578296 0.444433
0.827768 0.941178
0.415453 0.386923
0.349132 0.577696
0.994670 0.995027
0.376079 0.542156
0.553036 0.452472
0.927309 0.252699
0.517625 0.459824
0.397694 0.086614
0.792544 0.922104
0.726405 0.316411
0.582784 0.756210
0.565473 0.352836
0.382738 0.136730
0.656449 0.854768
0.534774 0.441578
0.395684 0.512433
0.527733 0.289966
0.843360 0.073891
0.274559 0.590707
0.763264 0.113512
0.446879 0.215046
0.481428 0.296083
0.358743 0.582574
0.579601 0.778900
0.908699 0.925518
0.475172 0.602625
0.398959 0.507756
0.509846 0.518568
0.090054 0.519283
0.691292 0.080715
0.702049 0.257112
0.519340 0.227931
0.488751 0.287830
0.624350 0.424493
0.370356 0.321664
0.603239 0.807069
0.266297 0.589938
0.921373 0.956792
0.468150 0.625841
0.967117 0.076944
0.406975 0.044487
0.948462 0.266362
0.497941 0.220311
0.622309 0.778766
0.602077 0.417744
0.786841 0.283906
0.638801 0.352775
0.423767 0.142086
0.169833 0.292520
0.230010 0.590567
0.495022 0.534068
0.990249 0.072134
0.230186 0.557121
0.575767 0.701431
0.269753 0.587044
0.616921 0.821197
0.658723 0.871588
0.901915 0.090591
0.525731 0.319325
0.842827 0.945089
0.627934 0.223161
0.260760 0.588332
0.920873 0.152523
0.788262 0.276955
0.282936 0.559150
0.979465 0.939102
0.836050 0.965807
0.000000 0.000000
0.000000 1.000000
1.000000 0.000000
1.000000 1.000000
303 149 302
30 301 136
159 300 302
303 298 149
298 35 149
13 176 301
30 13 301
152 123 136
123 152 25
176 38 301
38 282 301
300 148 136
148 152 136
152 144 25
199 148 300
29 30 136
123 29 136
261 123 25
13 261 176
261 38 176
144 179 25
131 90 301
159 34 300
34 151 300
147 188 35
35 146 181
188 146 35
74 199 86
173 144 152
261 56 123
29 56 30
56 29 123
38 70 282
14 179 144
151 182 300
182 199 300
199 182 86
149 211 302
127 159 302
35 116 149
214 116 35
295 227 99
235 298 303
200 100 303
196 100 200
100 235 303
235 100 196
298 112 35
112 147 35
22 130 181
146 22 181
173 174 144
74 23 199
23 173 152
109 261 13
109 56 261
109 13 30
56 109 30
70 187 282
187 70 179
261 4 38
4 70 38
4 261 25
179 4 25
70 4 179
75 14 144
36 52 44
52 186 44
186 52 286
183 36 181
183 52 36
52 183 286
167 214 35
209 1 66
36 172 181
172 35 181
172 167 35
167 172 66
182 245 86
245 182 280
127 262 159
262 127 61
182 160 280
160 121 280
177 34 159
177 180 34
180 177 121
226 177 159
177 226 121
121 82 280
171 295 99
192 211 207
238 227 295
26 112 298
26 196 200
235 26 298
26 235 196
31 146 188
57 144 110
57 75 144
54 267 86
267 54 253
245 54 86
253 54 280
54 245 280
144 219 110
174 219 144
129 174 173
129 23 74
23 129 173
129 219 174
281 23 152
23 281 199
148 281 152
199 281 148
154 75 294
14 285 179
75 285 14
154 285 75
282 269 251
294 269 282
243 229 130
42 243 130
135 198 3
198 135 5
103 209 66
172 103 66
262 212 58
34 273 151
180 273 34
160 28 121
28 180 121
273 28 151
28 273 180
226 43 121
127 250 61
250 171 61
171 32 295
250 32 171
117 192 295
220 116 214
192 87 295
87 238 295
87 192 207
112 257 147
147 162 188
72 162 147
31 69 146
78 69 51
69 78 184
288 118 90
91 267 142
91 85 267
85 91 110
91 57 110
57 91 215
105 129 85
129 105 219
105 85 110
219 105 110
85 18 267
129 18 85
267 18 86
18 74 86
18 129 74
213 294 282
213 154 294
166 187 179
285 166 179
166 285 154
75 287 294
287 269 294
67 229 243
67 243 186
183 137 286
137 183 181
256 42 131
256 131 44
186 256 44
276 22 146
118 276 146
27 264 190
283 103 5
0 9 21
124 193 44
124 255 3
198 124 3
124 10 193
258 198 5
103 258 5
141 172 36
141 103 172
141 36 44
119 8 21
233 91 142
91 233 48
1 237 66
212 293 58
293 82 58
293 264 82
171 122 61
6 212 262
28 240 151
240 28 160
240 182 151
240 160 182
77 82 121
43 77 121
82 77 58
77 262 58
262 77 159
77 226 159
77 43 226
32 290 295
170 250 127
170 32 250
290 170 127
170 290 32
60 117 295
290 60 295
192 111 211
117 111 192
60 111 117
278 220 214
220 93 116
116 37 149
37 211 149
211 37 207
257 49 147
49 257 140
55 49 140
26 168 112
257 270 140
270 257 112
223 69 31
15 200 303
15 299 55
15 303 301
15 55 140
289 84 184
78 289 184
118 153 90
153 289 90
246 118 146
84 246 146
246 153 118
289 246 84
153 246 289
69 202 146
202 84 146
91 228 215
228 91 48
124 210 255
57 297 75
108 297 57
297 287 75
287 297 251
138 108 57
143 166 154
143 213 282
213 143 154
187 143 282
166 143 187
269 169 251
169 287 251
287 169 269
134 186 286
134 67 186
67 225 229
229 68 130
130 68 181
68 137 181
225 68 229
68 225 137
256 81 42
243 81 186
81 256 186
42 62 131
276 62 42
79 42 130
79 276 42
22 79 130
276 79 22
267 254 142
254 267 253
275 27 253
275 264 27
275 253 280
82 275 280
264 275 82
167 242 214
103 260 209
283 260 103
283 80 9
236 76 135
236 138 57
236 57 215
76 236 215
258 271 198
271 258 10
271 124 198
271 10 124
10 101 193
193 101 44
101 141 44
126 258 103
141 126 103
258 126 10
126 101 10
101 126 141
65 8 119
139 233 142
254 139 142
139 254 133
266 167 66
53 290 127
53 127 302
53 60 290
284 53 302
53 284 40
211 284 302
111 284 211
220 165 227
158 165 220
227 165 99
165 296 99
165 158 296
278 157 220
157 158 220
157 278 296
158 157 296
12 220 227
12 93 220
12 107 93
238 12 227
107 12 238
37 274 207
178 26 200
178 168 26
191 178 200
168 217 112
217 270 112
217 178 191
178 217 168
128 217 191
217 128 270
125 223 31
125 31 188
162 125 188
90 161 301
289 161 90
132 7 92
7 132 72
7 15 92
15 7 299
299 292 55
292 49 55
49 292 147
88 69 184
88 202 69
282 50 301
50 282 251
50 131 301
131 50 44
50 124 44
50 210 124
210 83 108
83 297 108
255 234 3
234 135 3
138 234 108
234 236 135
236 234 138
210 234 255
234 210 108
225 46 137
137 46 286
46 134 286
134 46 67
46 225 67
42 205 243
205 81 243
81 205 42
62 268 131
131 268 90
268 288 90
27 265 253
265 254 253
222 242 167
242 222 106
73 278 214
242 73 214
263 106 194
263 242 106
263 73 242
296 263 99
263 212 99
263 293 212
278 263 296
73 263 278
206 283 9
206 260 283
0 206 9
260 206 209
206 1 209
206 0 21
39 283 5
39 80 283
39 64 80
64 39 5
135 64 5
76 64 135
208 65 119
208 228 48
65 208 48
139 104 233
104 139 133
237 231 66
231 266 66
17 24 201
254 24 133
195 237 1
206 195 1
195 206 21
98 195 21
195 98 239
247 17 201
195 247 237
247 195 239
203 221 293
203 263 194
263 203 293
221 203 63
221 19 41
19 221 63
244 19 63
221 11 293
11 221 41
115 122 171
115 171 99
197 115 99
252 197 99
212 252 99
6 252 212
252 6 262
197 252 262
114 53 40
53 114 60
272 111 60
272 284 111
284 272 40
87 224 238
224 87 207
274 224 207
20 274 37
93 20 116
20 37 116
20 107 238
107 20 93
224 20 238
20 224 274
89 191 200
89 128 191
15 89 200
89 15 140
270 89 140
128 89 270
69 59 51
223 59 69
232 7 72
7 232 299
232 72 147
84 185 184
185 88 184
202 185 84
88 185 202
50 189 210
189 83 210
33 276 118
33 62 276
33 268 62
11 216 293
264 216 190
293 216 264
106 279 194
279 203 194
203 279 63
266 279 167
228 96 215
9 96 21
96 119 21
80 96 9
64 96 80
96 208 119
208 96 228
233 2 48
104 2 233
2 65 48
120 104 133
24 120 133
120 24 17
8 102 21
102 98 21
98 175 239
175 247 239
247 175 17
175 120 17
120 175 8
175 102 8
102 175 98
19 218 41
218 19 244
164 115 197
164 262 61
164 197 262
122 164 61
115 164 122
114 204 60
204 272 60
204 114 40
272 204 40
16 59 223
16 150 161
59 16 161
150 241 132
241 125 162
16 241 150
241 162 72
132 241 72
125 241 223
241 16 223
97 150 132
150 97 161
161 97 301
97 15 301
97 132 92
15 97 92
59 145 51
145 59 161
145 78 51
145 289 78
145 161 289
94 292 299
232 94 299
292 94 147
94 232 147
297 71 251
83 71 297
268 156 288
33 156 268
288 156 118
156 33 118
222 113 106
113 279 106
113 222 167
279 113 167
259 64 76
259 96 64
96 259 215
65 45 8
2 45 65
45 2 104
45 120 8
120 45 104
231 155 266
155 230 266
230 155 201
155 247 201
155 231 237
247 155 237
277 279 266
230 277 266
279 277 63
277 244 63
244 277 201
277 230 201
189 163 83
163 71 83
163 189 50
163 50 251
71 163 251
248 76 215
259 248 215
248 259 76
95 218 244
95 291 218
95 244 201
24 95 201
291 95 24
291 249 218
249 216 11
216 249 190
249 11 41
218 249 41
249 27 190
249 265 27
249 47 265
47 249 291
265 47 254
47 24 254
47 291 24
