1002 504
0.574371 0.795589
0.140771 0.568702
0.395217 0.058578
0.744827 0.877361
0.671237 0.810354
0.355054 0.527667
0.616119 0.311587
0.408231 0.459029
0.514654 0.462136
0.451488 0.349770
0.614263 0.370806
0.624355 0.791203
0.617894 0.738489
0.963738 0.226023
0.022594 0.331934
0.604214 0.744833
0.376529 0.555072
0.345488 0.572279
0.975088 0.985158
0.691138 0.864059
0.884407 0.648802
0.234045 0.587834
0.615316 0.815039
0.810965 0.266599
0.324254 0.224658
0.567605 0.217096
0.101758 0.290495
0.579601 0.778900
0.178143 0.384542
0.984135 0.954627
0.783433 0.944413
0.250243 0.588597
0.833952 0.977360
0.646946 0.821107
0.275661 0.316386
0.405169 0.045909
0.223362 0.398380
0.031099 0.510435
0.403255 0.051601
0.924996 0.254289
0.994787 0.965862
0.473356 0.404588
0.984382 0.988955
0.256269 0.589560
0.708449 0.844424
0.443321 0.032657
0.288138 0.358399
0.303687 0.351355
0.643908 0.850155
0.561917 0.276189
0.965805 0.129529
0.523369 0.415774
0.900033 0.962394
0.413977 0.499480
0.417750 0.389122
0.492922 0.632020
0.387454 0.171994
0.646822 0.856753
0.268394 0.266038
0.731749 0.125321
0.745988 0.890873
0.819230 0.937940
0.542281 0.696513
0.236803 0.591964
0.066237 0.491514
0.320553 0.587871
0.495547 0.450770
0.632312 0.807388
0.271136 0.591823
0.706877 0.263430
0.578246 0.425723
0.616865 0.304624
0.835823 0.867291
0.875205 0.279142
0.425082 0.124637
0.328076 0.570107
0.533069 0.025654
0.486793 0.460314
0.928557 0.069580
0.401001 0.139718
0.412045 0.356200
0.726708 0.930343
0.470206 0.266724
0.612464 0.801400
0.822806 0.297844
0.818861 0.978194
0.603477 0.395151
0.707387 0.864022
0.514844 0.663754
0.390194 0.374204
0.553970 0.649467
0.782959 0.953299
0.455572 0.185083
0.695346 0.085407
0.372147 0.519342
0.319965 0.259426
0.894380 0.966039
0.978500 0.083202
0.586072 0.702565
0.788702 0.930774
0.591860 0.714700
0.440621 0.614141
0.634185 0.867682
0.588431 0.739243
0.508717 0.350096
0.759426 0.257284
0.518483 0.453727
0.510877 0.434277
0.882884 0.895558
0.883934 0.261468
0.548425 0.111963
0.688319 0.058494
0.817398 0.941982
0.384776 0.562408
0.248261 0.587915
0.838236 0.973344
0.350822 0.578627
0.320929 0.586768
0.856240 0.921286
0.349882 0.367673
0.978170 0.168682
0.770034 0.849598
0.702211 0.854816
0.032218 0.534921
0.316518 0.588408
0.841351 0.962437
0.437316 0.238828
0.207501 0.355312
0.514171 0.041752
0.519164 0.281911
0.264574 0.592257
0.935628 0.257876
0.859282 0.268870
0.010139 0.432267
0.351204 0.575100
0.833709 0.931608
0.437660 0.029302
0.948757 0.053042
0.225143 0.540781
0.586228 0.307748
0.518278 0.462991
0.261803 0.587151
0.750284 0.209659
0.756200 0.949307
0.197947 0.540651
0.521170 0.685482
0.724297 0.924790
0.563767 0.766831
0.961522 0.090278
0.677029 0.109287
0.211646 0.552966
0.502700 0.359810
0.717711 0.106233
0.544954 0.451680
0.960560 0.577084
0.276333 0.593147
0.404507 0.389586
0.741492 0.480569
0.951794 0.271471
0.804130 0.923180
0.573704 0.361473
0.947561 0.965673
0.768876 0.125488
0.325038 0.213282
0.640908 0.427796
0.583898 0.772756
0.644305 0.101855
0.536894 0.493117
0.573827 0.471502
0.359720 0.569225
0.433191 0.455614
0.496863 0.352247
0.370434 0.554530
0.999963 0.235403
0.313079 0.587630
0.111435 0.564300
0.578136 0.043002
0.737894 0.838577
0.734203 0.313058
0.959533 0.279780
0.223630 0.586442
0.667728 0.866197
0.705557 0.118215
0.092872 0.494392
0.320488 0.582730
0.724516 0.100022
0.235345 0.589443
0.301085 0.591263
0.300344 0.337912
0.630535 0.798115
0.686391 0.261345
0.849721 0.085084
0.589043 0.687052
0.469096 0.366816
0.722658 0.881819
0.520149 0.680795
0.556594 0.014482
0.212830 0.563204
0.376993 0.522191
0.619773 0.280536
0.724450 0.096063
0.573957 0.713794
0.783019 0.309140
0.091340 0.303624
0.684614 0.094752
0.772713 0.942386
0.289165 0.240628
0.775424 0.100877
0.990638 0.183779
0.094308 0.396796
0.549353 0.479514
0.307121 0.348862
0.749237 0.866773
0.558372 0.028038
0.850346 0.979463
0.549275 0.477004
0.870754 0.166268
0.410497 0.475919
0.999963 0.338029
0.926954 0.247607
0.256868 0.590036
0.398411 0.174561
0.630420 0.394419
0.445630 0.630445
0.599707 0.697334
0.994801 0.151100
0.748189 0.898701
0.723308 0.116789
0.382049 0.295874
0.640028 0.869435
0.494036 0.648894
0.230236 0.584757
0.139362 0.302114
0.260758 0.283781
0.189711 0.312028
0.751307 0.256428
0.564960 0.698468
0.331643 0.380111
0.556553 0.701377
0.741190 0.884013
0.281216 0.592141
0.844185 0.279747
0.436422 0.592909
0.704182 0.865736
0.010371 0.454480
0.216882 0.573700
0.555141 0.499865
0.135767 0.287903
0.999957 0.994966
0.435036 0.450304
0.227814 0.552456
0.589356 0.748968
0.643947 0.326454
0.663955 0.380583
0.940537 0.969152
0.454513 0.639328
0.300724 0.595549
0.109874 0.526759
0.860753 0.301816
0.463475 0.646294
0.984524 0.030281
0.677038 0.467119
0.529551 0.330600
0.758920 0.945281
0.259610 0.360956
0.662718 0.810005
0.626307 0.857745
0.401974 0.075823
0.484036 0.646653
0.725861 0.883714
0.452132 0.592104
0.278598 0.585397
0.446850 0.035930
0.323505 0.222669
0.275833 0.247403
0.727951 0.118027
0.425621 0.473555
0.881186 0.069869
0.763892 0.874654
0.265001 0.448625
0.698881 0.884848
0.675325 0.112411
0.571179 0.453549
0.729624 0.937182
0.845269 0.277598
0.490571 0.580183
0.217725 0.550849
0.740226 0.864203
0.466086 0.643333
0.716498 0.094215
0.044319 0.532835
0.500816 0.402118
0.290457 0.590148
0.577915 0.702748
0.878449 0.938450
0.790823 0.269863
0.824171 0.975395
0.206740 0.570208
0.480117 0.642967
0.025128 0.529948
0.613295 0.713769
0.993018 0.025950
0.819404 0.897097
0.955950 0.225812
0.236970 0.458679
0.705112 0.886064
0.772726 0.857472
0.733940 0.946805
0.429899 0.047160
0.987611 0.070007
0.712457 0.178308
0.651643 0.291628
0.440867 0.378984
0.258266 0.588337
0.684614 0.092522
0.896582 0.273314
0.649962 0.315077
0.017653 0.354167
0.686781 0.881303
0.621631 0.296740
0.550639 0.703307
0.383756 0.560832
0.265170 0.570405
0.623512 0.821515
0.261050 0.593015
0.400742 0.551382
0.711076 0.320658
0.616886 0.823178
0.572419 0.797291
0.614938 0.765645
0.250958 0.216837
0.735763 0.887054
0.091447 0.281543
0.642342 0.285723
0.815490 0.967414
0.983112 0.191826
0.560225 0.390615
0.905548 0.809605
0.446979 0.359207
0.489587 0.148902
0.799969 0.966318
0.049544 0.297010
0.314218 0.571481
0.293784 0.366943
0.593998 0.717441
0.154342 0.293859
0.954318 0.214860
0.993362 0.160927
0.531799 0.667319
0.546700 0.016973
0.699413 0.460292
0.232663 0.358959
0.490423 0.051055
0.897320 0.488368
0.753974 0.094466
0.380138 0.567514
0.496144 0.513843
0.240323 0.580446
0.284107 0.591383
0.163203 0.326297
0.786672 0.887975
0.680948 0.879627
0.720828 0.874373
0.189443 0.335886
0.632599 0.812168
0.815237 0.918527
0.458108 0.400446
0.642702 0.758632
0.726646 0.251849
0.657615 0.281061
0.688610 0.874991
0.368468 0.576588
0.979519 0.987597
0.985808 0.990051
0.030930 0.518752
0.593983 0.823278
0.228384 0.554025
0.124974 0.287940
0.279953 0.590942
0.181714 0.313359
0.434309 0.147872
0.380707 0.089812
0.440294 0.580278
0.560295 0.280752
0.261212 0.589913
0.779049 0.956454
0.859225 0.775811
0.728675 0.093500
0.330444 0.260009
0.519407 0.672266
0.655785 0.871686
0.803405 0.196064
0.491074 0.623472
0.236827 0.583652
0.421307 0.376520
0.660622 0.251427
0.286817 0.325946
0.989720 0.248299
0.727644 0.264031
0.284157 0.361297
0.618268 0.723828
0.661926 0.876623
0.516397 0.543713
0.221162 0.353509
0.254531 0.588192
0.281919 0.591978
0.563089 0.692461
0.428239 0.361344
0.429980 0.033938
0.272782 0.588804
0.970706 0.992397
0.560360 0.656982
0.833409 0.075647
0.491825 0.262042
0.903080 0.068918
0.601529 0.719980
0.471948 0.043856
0.576939 0.784276
0.251937 0.587763
0.039144 0.353144
0.570764 0.703168
0.606297 0.714159
0.735705 0.141792
0.024468 0.330047
0.068039 0.550999
0.404630 0.519327
0.259465 0.253220
0.390808 0.398100
0.975843 0.025621
0.487698 0.655846
0.879210 0.901609
0.590746 0.766622
0.791872 0.271576
0.418873 0.037092
0.335622 0.415114
0.898086 0.069669
0.385797 0.539470
0.738754 0.274165
0.599427 0.261378
0.821612 0.945261
0.638211 0.476935
0.959295 0.217556
0.882566 0.199912
0.329342 0.579131
0.331408 0.574341
0.538038 0.389676
0.569576 0.049255
0.591988 0.718975
0.840129 0.962661
0.630813 0.840733
0.587646 0.749583
0.559240 0.032367
0.475486 0.473033
0.467440 0.037235
0.457331 0.142706
0.621530 0.261022
0.247875 0.569648
0.776693 0.882628
0.902312 0.961067
0.565700 0.499385
0.915491 0.269078
0.053317 0.337307
0.038067 0.533689
0.244797 0.588488
0.520915 0.271405
0.690303 0.121162
0.531548 0.682496
0.501428 0.650898
0.521930 0.684099
0.695058 0.258470
0.970569 0.197259
0.240712 0.212701
0.642652 0.828088
0.375299 0.221407
0.787101 0.287345
0.544812 0.333963
0.908851 0.594721
0.499656 0.520813
0.368790 0.574046
0.100461 0.499709
0.260915 0.211482
0.314242 0.588304
0.036217 0.525042
0.029235 0.530540
0.632328 0.731242
0.285833 0.589461
0.958049 0.274375
0.660508 0.378365
0.968165 0.991756
0.465691 0.640798
0.552285 0.030275
0.500412 0.489310
0.548254 0.700865
0.434020 0.119756
0.626506 0.391332
0.786841 0.283906
0.488695 0.225925
0.796059 0.297501
0.992157 0.961999
0.933038 0.265692
0.000000 0.000000
0.000000 1.000000
1.000000 0.000000
1.000000 1.000000
503 218 502
85 503 501
133 501 500
133 244 501
102 307 501
307 85 501
353 218 154
175 1 501
257 1 175
218 40 154
476 20 157
353 476 157
20 476 154
476 353 154
353 258 218
299 244 37
244 299 501
299 123 501
244 64 37
133 64 244
209 64 133
424 257 175
424 175 501
123 424 501
257 144 1
20 484 157
386 484 20
502 196 500
40 498 154
248 218 503
248 40 218
202 353 157
202 258 353
299 483 123
374 299 37
374 483 299
479 144 257
424 479 257
144 297 1
145 147 259
328 256 259
147 328 259
256 328 501
328 375 501
225 309 502
18 498 40
498 18 29
18 410 488
229 307 102
229 401 307
337 72 386
498 337 154
337 498 29
337 20 154
337 386 20
258 179 218
315 179 258
282 153 70
381 471 500
196 136 500
419 209 133
419 461 209
419 423 461
423 419 14
28 479 209
424 290 64
183 64 209
479 183 209
183 424 64
183 479 424
138 286 144
356 477 382
477 285 382
1 180 501
180 63 501
297 180 1
180 297 245
285 270 382
392 270 285
270 392 101
371 242 101
270 242 382
242 270 101
242 325 382
266 102 501
375 266 501
328 0 375
484 300 157
300 224 157
367 484 386
4 19 181
122 19 4
97 309 225
50 97 225
277 412 502
428 277 502
401 390 181
229 390 401
410 214 488
85 214 503
214 410 503
50 120 216
120 442 216
120 225 347
120 50 225
440 192 411
224 440 157
192 440 224
442 391 216
8 140 491
51 153 107
291 51 107
51 291 445
153 51 70
153 106 107
106 153 140
8 106 140
35 2 500
2 381 500
433 35 500
136 433 500
349 136 196
128 453 76
453 349 76
349 453 136
317 419 133
419 317 14
317 133 500
14 317 500
479 304 144
28 304 479
304 138 144
64 482 37
290 482 64
482 374 37
374 482 483
150 297 144
286 150 144
429 145 259
477 402 285
392 489 101
348 90 411
90 392 285
402 90 285
90 440 411
325 425 382
425 356 382
356 425 53
425 198 53
466 348 411
367 12 484
72 121 386
309 301 502
301 428 502
191 277 216
277 191 412
248 373 40
373 42 40
373 248 503
410 373 503
372 18 40
42 372 40
18 372 410
372 373 410
373 372 42
307 340 85
385 340 307
18 161 29
161 18 488
254 161 488
96 214 294
214 96 488
96 254 488
118 302 72
337 108 72
108 337 29
161 108 29
214 125 294
125 118 294
225 173 347
218 173 502
173 225 502
219 442 346
219 109 442
73 315 258
73 109 315
442 470 346
120 470 442
470 120 335
173 470 335
13 470 173
261 350 157
440 261 157
352 453 128
453 352 416
350 178 157
326 178 350
178 202 157
178 437 202
166 395 25
310 395 166
109 132 442
132 391 442
73 132 109
132 73 258
391 162 216
162 191 216
445 151 104
291 151 445
151 171 104
38 2 35
433 308 35
308 38 35
356 452 491
452 356 53
7 434 427
249 7 427
41 291 107
434 119 427
119 89 427
36 304 28
461 203 209
359 28 209
203 359 209
359 203 232
483 462 123
482 462 483
462 482 290
462 424 123
462 290 424
231 180 245
357 231 245
376 357 245
297 197 245
150 197 297
197 150 286
197 376 245
376 197 286
268 429 259
88 429 467
90 88 467
88 90 348
90 459 440
459 90 402
489 223 101
65 223 256
223 371 101
55 90 467
90 55 392
449 48 266
48 4 181
48 33 4
400 300 484
12 400 484
0 83 375
329 12 367
11 329 367
83 329 11
361 401 181
361 370 318
19 370 181
370 361 181
121 177 386
177 367 386
367 177 4
260 301 309
301 260 428
148 97 50
78 148 50
414 50 216
414 78 50
414 277 428
143 385 307
458 161 254
108 458 294
458 108 161
135 302 118
125 135 118
118 430 294
430 108 294
430 118 72
108 430 72
32 214 85
340 334 85
173 208 347
208 173 335
208 120 347
120 208 335
499 158 179
460 179 315
460 499 179
109 460 315
470 441 346
441 470 13
339 25 496
119 228 89
51 336 70
336 51 445
253 326 350
69 326 190
69 178 326
178 69 437
25 464 496
171 262 104
129 262 171
176 111 166
111 176 196
412 111 502
111 196 502
310 465 182
408 433 136
408 308 433
272 453 416
308 272 416
452 170 249
170 7 249
66 41 107
106 66 107
66 106 8
54 249 427
423 341 461
341 203 461
341 14 500
341 423 14
127 36 28
393 231 357
250 286 138
250 376 286
141 404 322
409 141 322
141 409 130
63 324 501
155 324 130
324 256 501
324 155 256
429 230 467
268 230 429
230 55 467
55 230 268
489 288 259
389 88 348
466 389 348
440 168 282
459 168 440
167 402 477
167 356 491
167 477 356
140 167 491
255 489 259
255 223 489
256 255 259
223 255 256
298 55 268
298 288 489
298 489 392
55 298 392
298 268 259
288 298 259
242 113 325
436 425 325
425 436 198
198 436 5
436 172 5
116 65 443
17 116 443
134 116 17
223 116 371
116 223 65
169 134 17
169 17 5
172 169 5
478 169 172
169 478 371
116 169 371
169 116 134
342 271 322
271 409 322
184 75 443
75 184 342
17 75 5
75 342 5
358 292 256
292 271 342
33 265 4
265 367 4
266 57 102
48 57 266
57 229 102
57 390 229
390 57 181
57 48 181
472 48 449
48 472 33
420 293 201
300 421 224
400 421 300
98 192 224
98 293 192
293 98 201
327 266 375
327 449 266
146 361 318
361 146 401
302 360 72
360 302 159
44 122 4
177 44 4
137 148 78
97 137 309
148 137 97
137 260 309
260 137 428
137 414 428
414 137 78
277 435 216
435 414 216
414 435 277
99 30 205
99 360 159
205 91 385
30 91 205
91 340 385
91 30 340
96 52 254
52 458 254
52 96 294
458 52 294
302 365 159
135 365 302
115 125 214
32 115 214
158 486 179
131 158 499
460 39 499
39 131 499
131 39 219
219 39 109
39 460 109
92 339 496
2 267 381
38 267 2
308 267 38
110 166 25
339 110 25
110 352 128
110 339 352
381 480 471
163 480 381
82 129 171
326 369 190
311 369 326
369 395 190
252 316 326
316 311 326
487 252 326
253 487 326
261 164 350
164 253 350
164 261 440
164 282 70
164 440 282
469 69 190
395 469 190
310 469 395
132 23 391
23 295 391
160 336 445
349 490 76
490 128 76
176 213 196
451 213 176
490 213 451
213 349 196
213 490 349
295 105 391
105 142 391
105 495 437
495 105 295
422 142 310
422 59 162
422 162 391
142 422 391
422 310 182
59 422 182
453 45 136
272 45 453
45 408 136
408 45 308
45 272 308
217 94 7
94 198 5
198 94 53
94 217 53
434 94 5
7 94 434
170 276 7
276 217 7
217 276 53
276 452 53
276 170 452
41 77 249
66 77 41
77 452 249
452 77 491
77 8 491
77 66 8
366 41 249
54 366 249
89 156 427
156 54 427
9 82 171
82 9 228
343 46 47
237 343 47
237 119 434
343 237 434
36 279 304
279 343 434
279 36 264
343 279 264
279 434 5
342 279 5
279 342 322
279 322 138
304 279 138
377 247 232
341 332 203
332 341 500
471 332 500
247 332 471
332 247 377
359 363 28
363 127 28
36 351 264
46 188 47
68 155 130
409 68 130
68 409 155
393 21 231
231 21 180
250 456 376
376 456 357
322 456 138
456 250 138
404 456 322
418 456 404
463 393 357
31 418 404
31 324 63
463 31 63
141 313 404
195 389 466
429 195 145
88 195 429
389 195 88
210 168 459
355 242 371
355 113 242
478 355 371
355 478 172
436 16 172
16 355 172
65 117 443
117 184 443
184 174 342
155 240 256
409 378 155
271 378 409
378 240 155
444 17 443
75 444 443
444 75 17
485 292 358
292 485 271
378 485 358
485 378 271
466 62 145
145 62 147
62 406 492
192 406 411
406 466 411
406 62 466
293 406 192
238 420 201
406 238 492
421 415 344
415 421 400
415 400 12
100 98 224
421 100 224
100 421 344
98 100 201
83 22 375
22 327 375
67 265 33
67 22 83
401 283 307
212 177 121
296 115 32
296 32 85
334 296 85
439 448 334
448 296 334
448 135 125
448 439 135
115 448 125
296 448 115
61 365 135
439 61 135
365 61 159
112 334 340
112 439 334
112 61 439
30 112 340
99 112 30
112 99 159
61 112 159
397 158 13
397 486 158
397 13 173
486 397 179
179 397 218
397 173 218
158 303 13
131 303 158
303 131 219
303 219 346
441 303 346
303 441 13
56 163 381
163 56 473
267 74 381
446 176 166
110 446 166
446 451 176
446 490 451
446 110 128
490 446 128
480 330 471
413 464 129
82 413 129
464 413 496
413 82 496
126 228 473
126 82 228
126 92 496
82 126 496
395 455 25
455 438 25
383 262 129
464 383 129
437 474 202
495 474 437
432 495 295
23 432 295
487 10 252
469 368 69
142 368 310
368 469 310
465 204 182
204 93 182
227 59 182
228 80 89
9 80 228
312 366 54
399 343 264
399 46 343
332 26 203
26 332 377
203 26 232
26 377 232
379 363 359
127 403 36
403 351 36
363 403 127
351 34 264
34 403 233
403 34 351
211 228 119
211 188 228
188 211 47
211 237 47
237 211 119
228 388 473
188 388 228
95 388 188
274 330 480
180 186 63
21 186 180
186 21 393
186 463 63
463 186 393
31 114 418
456 114 357
114 456 418
114 463 357
114 31 463
31 220 324
384 313 141
384 141 130
324 384 130
220 384 324
384 220 313
468 466 145
195 468 145
468 195 466
246 210 459
210 246 167
246 459 402
167 246 402
168 215 282
210 215 168
215 153 282
153 215 140
215 167 140
215 210 167
321 16 436
113 321 325
321 436 325
355 321 113
16 321 355
187 292 342
174 187 342
292 187 256
187 174 256
117 124 184
124 174 184
124 117 65
124 65 256
405 378 358
378 405 240
405 358 256
240 405 256
320 238 201
238 320 492
320 201 147
62 320 147
320 62 492
238 236 420
236 238 406
420 236 293
236 406 293
15 415 12
329 15 12
103 15 251
15 103 415
201 103 147
100 447 201
447 100 344
447 103 201
415 447 344
103 447 415
431 15 329
15 431 251
431 329 83
165 431 83
417 83 0
417 328 147
417 0 328
450 165 147
103 450 147
450 103 251
431 450 251
450 431 165
323 472 449
327 323 449
22 323 327
189 83 11
189 67 83
67 189 265
189 11 367
265 189 367
146 81 401
81 283 401
457 306 360
306 121 72
360 306 72
306 212 121
370 280 318
280 146 318
280 305 146
269 331 146
305 269 146
331 239 60
269 239 331
287 44 177
212 287 177
92 454 339
339 454 352
79 56 381
74 79 381
126 221 92
79 221 56
56 221 473
221 126 473
369 333 395
333 455 395
333 369 311
316 333 311
49 464 25
49 383 464
438 49 25
139 49 438
49 139 383
284 23 132
284 241 23
284 132 258
241 284 258
497 432 23
474 497 202
497 474 495
432 497 495
222 487 253
164 222 253
105 235 142
235 368 142
235 105 437
281 310 166
281 465 310
93 314 111
204 314 93
111 314 166
227 275 59
312 193 366
193 9 171
366 193 41
151 193 171
193 151 291
41 193 291
394 312 54
156 394 54
394 156 89
80 394 89
345 247 471
247 345 232
345 359 232
345 379 359
403 234 233
379 234 363
234 403 363
234 345 471
345 234 379
396 95 188
396 34 95
396 188 46
34 396 264
396 399 264
399 396 46
24 388 95
24 163 473
388 24 473
58 34 233
34 58 95
313 43 404
220 43 313
43 31 404
43 220 31
174 481 256
481 124 256
124 481 174
27 165 83
417 27 83
165 27 147
27 417 147
67 364 22
364 323 22
323 364 472
472 364 33
364 67 33
226 81 146
226 331 60
331 226 146
226 99 205
99 226 360
226 457 360
278 306 457
306 278 212
278 226 60
226 278 457
44 87 122
287 87 44
3 239 269
287 3 269
3 287 212
278 3 212
239 3 60
3 278 60
454 493 352
352 493 416
493 308 416
493 267 308
493 74 267
380 79 74
493 380 74
380 493 454
380 221 79
380 454 92
221 380 92
333 199 455
455 199 438
199 139 438
383 475 262
139 475 383
475 139 160
475 160 445
475 445 104
262 475 104
199 71 139
6 10 160
139 6 160
71 6 139
10 6 252
6 316 252
6 71 316
84 241 258
202 84 258
497 84 202
241 84 23
84 497 23
494 10 487
222 494 487
398 235 437
235 398 368
69 398 437
368 398 69
149 204 465
281 149 465
149 281 166
314 149 166
149 314 204
394 407 312
407 80 9
407 394 80
206 24 95
58 206 95
206 58 274
206 274 480
206 480 163
274 426 330
58 426 274
330 426 471
426 58 233
426 234 471
234 426 233
81 263 283
226 263 81
263 143 307
283 263 307
263 226 205
263 205 385
143 263 385
362 287 269
362 87 287
122 243 19
87 243 122
243 370 19
243 280 370
280 243 305
243 362 305
362 243 87
319 199 333
319 71 199
319 333 316
71 319 316
86 494 222
86 164 70
86 222 164
494 86 10
336 86 70
160 86 336
10 86 160
185 275 227
59 354 162
275 354 59
185 354 275
354 185 387
354 111 412
354 387 111
338 407 9
407 338 312
193 338 9
338 193 312
24 273 163
273 206 163
206 273 24
194 269 305
362 194 305
194 362 269
152 227 182
152 185 227
185 200 387
207 354 412
354 207 162
191 207 412
162 207 191
152 289 185
289 200 185
93 289 182
289 152 182
200 289 387
289 93 111
387 289 111
