triangle Id list: 
   15 36 42========0.868518 0.175365 0.689490.264529 0.921132 0.461175
44 36 7 37========0.68949 0.264529 0.5901840.214147 0.600721 0.321902
45 7 6 37========0.590184 0.214147 0.4656470.131361 0.600721 0.321902
46 6 32 37========0.465647 0.131361 0.2896020.333965 0.600721 0.321902
47 32 31 37========0.289602 0.333965 0.3077540.427917 0.600721 0.321902
48 8 7 36========0.655502 0.0244183 0.5901840.214147 0.68949 0.264529
49 15 8 36========0.868518 0.175365 0.6555020.0244183 0.68949 0.264529
50 6 5 32========0.465647 0.131361 0.3527770.115193 0.289602 0.333965
54 103 8 15========1 0 0.6555020.0244183 0.868518 0.175365
57 6 7 8========0.465647 0.131361 0.5901840.214147 0.655502 0.0244183
60 5 6 8========0.352777 0.115193 0.4656470.131361 0.655502 0.0244183
61 103 100 8========1 0 00 0.655502 0.0244183
62 100 5 8========0 0 0.3527770.115193 0.655502 0.0244183
63 100 0 5========0 0 0.1049610.0836509 0.352777 0.115193
64 

list of trangle Ids that are belong to active partitions: 
partition Id: 4
triangle Id list: 100 101 76========0 0 01 0.00463448 0.891658
22 48 100 76========0.043711 0.650028 00 0.00463448 0.891658
23 31 26 53========0.307754 0.427917 0.1732270.418936 0.319127 0.571912
34 26 47 53========0.173227 0.418936 0.1741310.626933 0.319127 0.571912
35 47 26 48========0.174131 0.626933 0.1732270.418936 0.043711 0.650028
37 27 1 48========0.148349 0.293898 0.02165970.0339945 0.043711 0.650028
38 26 27 48========0.173227 0.418936 0.1483490.293898 0.043711 0.650028
39 1 100 48========0.0216597 0.0339945 00 0.043711 0.650028
40 5 27 32========0.352777 0.115193 0.1483490.293898 0.289602 0.333965
51 27 26 32========0.148349 0.293898 0.1732270.418936 0.289602 0.333965
52 26 31 32========0.173227 0.418936 0.3077540.427917 0.289602 0.333965
53 5 0 27========0.352777 0.115193 0.1049610.0836509 0.148349 0.293898
55 0 1 27========0.104961 0.0836509 0.02165970.0339945 0.148349 0.293898
56 

list of trangle Ids that are belong to active partitions: 
partition Id: 11
triangle Id list: 95 102 96========0.856128 0.951445 11 0.926563 0.750724
0 63 60 96========0.931197 0.623083 0.7440170.692431 0.926563 0.750724
1 60 95 96========0.744017 0.692431 0.8561280.951445 0.926563 0.750724
2 102 64 96========1 1 0.9682050.615538 0.926563 0.750724
3 64 63 96========0.968205 0.615538 0.9311970.623083 0.926563 0.750724
4 60 87 95========0.744017 0.692431 0.6108030.772884 0.856128 0.951445
6 87 88 95========0.610803 0.772884 0.6854290.998162 0.856128 0.951445
7 60 59 87========0.744017 0.692431 0.5258960.739175 0.610803 0.772884
13 41 63 64========0.941065 0.479836 0.9311970.623083 0.968205 0.615538
24 102 14 64========1 1 0.9970370.203419 0.968205 0.615538
25 14 41 64========0.997037 0.203419 0.9410650.479836 0.968205 0.615538
26 41 42 63========0.941065 0.479836 0.9211320.461175 0.931197 0.623083
27 42 60 63========0.921132 0.461175 0.7440170.692431 0.931197 0.623083
28 42 37 60========0.921132 0.461175 0.6007210.321902 0.744017 0.692431
29 37 59 60========0.600721 0.321902 0.5258960.739175 0.744017 0.692431
30 37 52 59========0.600721 0.321902 0.3979070.620143 0.525896 0.739175
31 36 37 42========0.68949 0.264529 0.6007210.321902 0.921132 0.461175
41 41 14 42========0.941065 0.479836 0.9970370.203419 0.921132 0.461175
43 102 103 14========1 1 10 0.997037 0.203419
59 

list of trangle Ids that are belong to active partitions: 
partition Id: 13
triangle Id list: 83 82 88========0.4194 0.849268 0.3558630.987124 0.685429 0.998162
8 87 83 88========0.610803 0.772884 0.41940.849268 0.685429 0.998162
9 101 102 88========0 1 11 0.685429 0.998162
10 82 101 88========0.355863 0.987124 01 0.685429 0.998162
11 59 83 87========0.525896 0.739175 0.41940.849268 0.610803 0.772884
12 52 47 83========0.397907 0.620143 0.1741310.626933 0.4194 0.849268
14 47 75 83========0.174131 0.626933 0.05997270.961861 0.4194 0.849268
15 75 82 83========0.0599727 0.961861 0.3558630.987124 0.4194 0.849268
16 59 52 83========0.525896 0.739175 0.3979070.620143 0.4194 0.849268
17 75 101 82========0.0599727 0.961861 01 0.355863 0.987124
18 47 48 76========0.174131 0.626933 0.0437110.650028 0.00463448 0.891658
19 75 47 76========0.0599727 0.961861 0.1741310.626933 0.00463448 0.891658
20 47 52 53========0.174131 0.626933 0.3979070.620143 0.319127 0.571912


===================MPI=========================
15 36 42========0.868518 0.175365 0.689490.264529 0.921132 0.461175
36 7 37========0.68949 0.264529 0.5901840.214147 0.600721 0.321902
7 6 37========0.590184 0.214147 0.4656470.131361 0.600721 0.321902
6 32 37========0.465647 0.131361 0.2896020.333965 0.600721 0.321902
32 31 37========0.289602 0.333965 0.3077540.427917 0.600721 0.321902
8 7 36========0.655502 0.0244183 0.5901840.214147 0.68949 0.264529
15 8 36========0.868518 0.175365 0.6555020.0244183 0.68949 0.264529
6 5 32========0.465647 0.131361 0.3527770.115193 0.289602 0.333965
103 8 15========1 0 0.6555020.0244183 0.868518 0.175365
6 7 8========0.465647 0.131361 0.5901840.214147 0.655502 0.0244183
5 6 8========0.352777 0.115193 0.4656470.131361 0.655502 0.0244183
103 100 8========1 0 00 0.655502 0.0244183
100 5 8========0 0 0.3527770.115193 0.655502 0.0244183
100 0 5========0 0 0.1049610.0836509 0.352777 0.115193
100 101 76========0 0 01 0.00463448 0.891658
48 100 76========0.043711 0.650028 00 0.00463448 0.891658
31 26 53========0.307754 0.427917 0.1732270.418936 0.319127 0.571912
26 47 53========0.173227 0.418936 0.1741310.626933 0.319127 0.571912
47 26 48========0.174131 0.626933 0.1732270.418936 0.043711 0.650028
27 1 48========0.148349 0.293898 0.02165970.0339945 0.043711 0.650028
26 27 48========0.173227 0.418936 0.1483490.293898 0.043711 0.650028
1 100 48========0.0216597 0.0339945 00 0.043711 0.650028
5 27 32========0.352777 0.115193 0.1483490.293898 0.289602 0.333965
27 26 32========0.148349 0.293898 0.1732270.418936 0.289602 0.333965
26 31 32========0.173227 0.418936 0.3077540.427917 0.289602 0.333965
5 0 27========0.352777 0.115193 0.1049610.0836509 0.148349 0.293898
0 1 27========0.104961 0.0836509 0.02165970.0339945 0.148349 0.293898
95 102 96========0.856128 0.951445 11 0.926563 0.750724
63 60 96========0.931197 0.623083 0.7440170.692431 0.926563 0.750724
60 95 96========0.744017 0.692431 0.8561280.951445 0.926563 0.750724
102 64 96========1 1 0.9682050.615538 0.926563 0.750724
64 63 96========0.968205 0.615538 0.9311970.623083 0.926563 0.750724
60 87 95========0.744017 0.692431 0.6108030.772884 0.856128 0.951445
87 88 95========0.610803 0.772884 0.6854290.998162 0.856128 0.951445
60 59 87========0.744017 0.692431 0.5258960.739175 0.610803 0.772884
41 63 64========0.941065 0.479836 0.9311970.623083 0.968205 0.615538
102 14 64========1 1 0.9970370.203419 0.968205 0.615538
14 41 64========0.997037 0.203419 0.9410650.479836 0.968205 0.615538
41 42 63========0.941065 0.479836 0.9211320.461175 0.931197 0.623083
42 60 63========0.921132 0.461175 0.7440170.692431 0.931197 0.623083
42 37 60========0.921132 0.461175 0.6007210.321902 0.744017 0.692431
37 59 60========0.600721 0.321902 0.5258960.739175 0.744017 0.692431
37 52 59========0.600721 0.321902 0.3979070.620143 0.525896 0.739175
36 37 42========0.68949 0.264529 0.6007210.321902 0.921132 0.461175
41 14 42========0.941065 0.479836 0.9970370.203419 0.921132 0.461175
102 103 14========1 1 10 0.997037 0.203419
83 82 88========0.4194 0.849268 0.3558630.987124 0.685429 0.998162
87 83 88========0.610803 0.772884 0.41940.849268 0.685429 0.998162
101 102 88========0 1 11 0.685429 0.998162
82 101 88========0.355863 0.987124 01 0.685429 0.998162
59 83 87========0.525896 0.739175 0.41940.849268 0.610803 0.772884
52 47 83========0.397907 0.620143 0.1741310.626933 0.4194 0.849268
47 75 83========0.174131 0.626933 0.05997270.961861 0.4194 0.849268
75 82 83========0.0599727 0.961861 0.3558630.987124 0.4194 0.849268
59 52 83========0.525896 0.739175 0.3979070.620143 0.4194 0.849268
75 101 82========0.0599727 0.961861 01 0.355863 0.987124
47 48 76========0.174131 0.626933 0.0437110.650028 0.00463448 0.891658
75 47 76========0.0599727 0.961861 0.1741310.626933 0.00463448 0.891658
47 52 53========0.174131 0.626933 0.3979070.620143 0.319127 0.571912

